7
0 225 638 371 1338 1058 1774
225 0 538 442 1270 991 1706  
638 538 0 435 696 416 1132
371 442 435 0 1133 854 1569
1338 1270 696 1133 0 305 462      
1058 991 416 854 305 0 742
1174 1706 1132 1569 462 742 0
